6.20433048635161e-8
1.058115124306404e-7
1.767838378471434e-7
2.90022980524829e-7
4.6760143273274966e-7
7.412018919062765e-7
1.1553124864246318e-6
1.7710063595667455e-6
2.6702079400599884e-6
3.960241581237779e-6
5.77833633980213e-6
8.295637558420604e-6
1.1720172830185498e-5
1.629816287771969e-5
2.231308361021344e-5
3.0081995792828375e-5
3.9948873365541065e-5
5.22749728678392e-5
6.742666599868276e-5
8.576155606306931e-5
0.00010761405336597112
0.00013328182695947647
0.00016301462259809478
0.00019700680469626796
0.0002353946424897258
0.0002782588538215041
0.0003256323133181264
0.00037751221533596725
0.0004338754495895767
0.0004946955775392745
0.0005599596391240079
0.0006296830828211017
0.0007039213700817058
0.0007827772012683149
0.000866402771794723
0.0009549969210559118
0.0010487974222464845
0.0011480689386890377
0.0012530873262993046
0.0013641209988225233
0.0014814100155680523
0.0016051434332344443
0.001735435319668431
0.0018722996913292207
0.002015624535442059
0.0021651450326724644
0.0023204161195077575
0.002480784627401444
0.002645361408233112
0.0028129940979838806
0.002982241473863321
0.0031513507120021285
0.0033182392373604665
0.003480483255175482
0.003635315440468253
0.0037796346105530613
0.003910030481644024
0.0040228267756433666
0.00411414595311913
0.004179998655654165
0.004216400495994086
0.004219518090550151
0.004185845145340436
0.004112407955452582
0.003996997850941862
0.0038384259365522055
0.0036367929800278226
0.003393764594800855
0.003112839071798083
0.0027995925210260314
0.002461883607368199
0.0021099983617124006
0.001756714594074311
0.0014172656076797364
0.001109184467525979
0.0008520132183847419
0.0006668662984285003
0.0005758439663214327
0.000601299723266862
0.0007649751801405234
0.0010870261401950275
0.0015849742281289917
0.002272628448180537
0.0031590297394050023
0.004247477994217857
0.005534704307955561
0.007010251129374647
0.008656119515445999
0.010446733208054624
0.012349244505513517
0.014324168574204803
0.016326359763027903
0.01830657962348205
0.02021400914807821
0.021998255739202444
0.023605004685428862
0.02496274392569417
0.02597993837375396
0.026573662611976093
0.02675685719646957
0.026756078501468425
0.02675685719646958
0.0265736626119761
0.025979938373753966
0.024962743925694184
0.023605004685428886
0.021998255739202464
0.020214009148078235
0.018306579623482075
0.016326359763027924
0.014324168574204824
0.012349244505513538
0.010446733208054644
0.008656119515446016
0.007010251129374662
0.005534704307955574
0.004247477994217867
0.003159029739405011
0.0022726284481805435
0.0015849742281289964
0.001087026140195031
0.0007649751801405253
0.0006012997232668629
0.0005758439663214327
0.0006668662984284998
0.000852013218384741
0.001109184467525978
0.0014172656076797355
0.0017567145940743099
0.0021099983617123997
0.002461883607368198
0.002799592521026031
0.003112839071798083
0.0033937645948008553
0.0036367929800278235
0.0038384259365522077
0.003996997850941864
0.004112407955452585
0.00418584514534044
0.004219518090550156
0.00421640049599409
0.00417999865565417
0.0041141459531191344
0.00402282677564337
0.003910030481644028
0.003779634610553065
0.0036353154404682557
0.0034804832551754835
0.003318239237360468
0.003151350712002129
0.0029822414738633228
0.002812994097983881
0.002645361408233113
0.002480784627401445
0.002320416119507758
0.0021651450326724657
0.0020156245354420593
0.001872299691329222
0.0017354353196684321
0.0016051434332344458
0.0014814100155680539
0.0013641209988225246
0.001253087326299306
0.001148068938689039
0.0010487974222464858
0.0009549969210559128
0.0008664027717947239
0.0007827772012683155
0.0007039213700817062
0.000629683082821102
0.0005599596391240079
0.0004946955775392744
0.00043387544958957647
0.000377512215335967
0.0003256323133181261
0.00027825885382150377
0.00023539464248972553
0.00019700680469626766
0.00016301462259809456
0.00013328182695947633
0.00010761405336597102
8.576155606306924e-5
6.742666599868272e-5
5.227497286783917e-5
3.9948873365541065e-5
3.0081995792828396e-5
2.2313083610213464e-5
1.6298162877719713e-5
1.1720172830185521e-5
8.295637558420628e-6
5.778336339802148e-6
3.960241581237794e-6
2.6702079400600007e-6
1.7710063595667541e-6
1.1553124864246383e-6
7.412018919062812e-7
4.6760143273275284e-7
2.900229805248312e-7
1.7678383784714494e-7
1.0581151243064137e-7
6.204330486351675e-8
