7.773743341289988e-5
0.00010254486514030477
0.00013365123900084663
0.00017253774556141784
0.00022082480162439056
0.0002803119162364685
0.00035298610183622203
0.00044101632221983005
0.0005467377216613846
0.0006726268679534878
0.0008212689427590274
0.0009953181495771964
0.0011974531639268292
0.0014303300524186962
0.0016965356318616731
0.0019985446422648785
0.0023386842983625917
0.0027191097102337823
0.0031417932953889715
0.0036085306423153628
0.00412096436150004
0.004680626339333304
0.005288997585804194
0.005947583650455919
0.006658002491649653
0.007422080833769636
0.008241954526405408
0.009120168286215945
0.01005977047186497
0.01106439918612066
0.01213835694608391
0.013286672308395312
0.01451514805676392
0.015830396725230008
0.017239865224452606
0.01875185106731579
0.020375513096448528
0.022120879681386325
0.023998857096845946
0.026021240267789948
0.02820072734568335
0.030550938748100644
0.033086440433906336
0.03582277037077093
0.0387764664350033
0.04196509339861046
0.045407266217320066
0.04912266653059558
0.053132049102561085
0.05745723484683005
0.06212108706324436
0.0671474675489771
0.07256116931567226
0.07838782274190714
0.08465377211812179
0.09138591970816289
0.09861153467178976
0.10635802448287884
0.11465266685640768
0.12352230068021157
0.1329929750488556
0.1430895562266857
0.15383529323030382
0.165251343716954
0.1773562629882645
0.19016546015581523
0.20369062684692618
0.21793914523009045
0.23291348357720626
0.2486105890154487
0.26502128851062445
0.28212971041643353
0.2999127400664474
0.31833952382146247
0.3373710366570152
0.35695972872832427
0.3770492663304377
0.39757438223381963
0.4184608494830512
0.4396255913731673
0.4609769384506931
0.4824150410236232
0.5038324428319336
0.525114818317092
0.5461418724731599
0.566788398455202
0.5869254831335471
0.6064218442720147
0.6251452810447978
0.6429642377457236
0.6597495063609722
0.6753759888209302
0.689724021544002
0.7026796967783382
0.7141365389258434
0.724007089939436
0.7322467038925511
0.7388604531260217
0.7438661173446743
0.747169011216219
0.7483730287132413
0.747169011216219
0.7438661173446743
0.7388604531260217
0.7322467038925511
0.724007089939436
0.7141365389258436
0.7026796967783384
0.6897240215440023
0.6753759888209303
0.6597495063609724
0.6429642377457239
0.625145281044798
0.606421844272015
0.5869254831335473
0.5667883984552023
0.5461418724731602
0.5251148183170922
0.5038324428319338
0.48241504102362337
0.4609769384506934
0.4396255913731675
0.4184608494830514
0.3975743822338199
0.3770492663304379
0.3569597287283244
0.33737103665701534
0.31833952382146263
0.2999127400664475
0.28212971041643364
0.26502128851062456
0.2486105890154488
0.23291348357720643
0.21793914523009056
0.2036906268469263
0.1901654601558153
0.1773562629882646
0.16525134371695405
0.15383529323030387
0.1430895562266858
0.13299297504885566
0.12352230068021164
0.11465266685640774
0.1063580244828789
0.09861153467178982
0.0913859197081629
0.08465377211812183
0.07838782274190717
0.07256116931567227
0.06714746754897713
0.06212108706324437
0.05745723484683006
0.0531320491025611
0.04912266653059559
0.045407266217320066
0.041965093398610466
0.0387764664350033
0.035822770370770946
0.03308644043390634
0.030550938748100654
0.02820072734568336
0.026021240267789958
0.023998857096845953
0.022120879681386336
0.020375513096448535
0.018751851067315792
0.01723986522445261
0.01583039672523001
0.01451514805676392
0.013286672308395312
0.012138356946083912
0.01106439918612066
0.010059770471864968
0.009120168286215941
0.008241954526405406
0.0074220808337696325
0.0066580024916496495
0.005947583650455918
0.005288997585804192
0.004680626339333302
0.0041209643615000395
0.0036085306423153628
0.0031417932953889715
0.0027191097102337827
0.002338684298362592
0.0019985446422648794
0.0016965356318616735
0.0014303300524186973
0.0011974531639268305
0.0009953181495771977
0.0008212689427590288
0.0006726268679534892
0.0005467377216613859
0.00044101632221983124
0.000352986101836223
0.0002803119162364694
0.00022082480162439138
0.00017253774556141852
0.00013365123900084717
0.00010254486514030522
7.773743341290027e-5
